RealScan3-1: (278, 416, 139, 105)
RealScan3-2: (280, 400, 121, 118)
RealScan3-3: (273, 396, 134, 122)
RealScan3-4: (279, 410, 136, 114)
RealScan3-5: (267, 409, 145, 112)
RealScan3-6: (278, 401, 142, 131)
RealScan3-7: (269, 402, 132, 118)
RealScan3-8: (271, 410, 135, 126)
RealScan3-9: (270, 416, 137, 119)
RealScan3-10: (274, 416, 133, 102)
RealScan3-11: (269, 403, 140, 107)
RealScan3-12: (260, 381, 145, 115)
RealScan3-13: (268, 377, 136, 121)
RealScan3-14: (288, 361, 126, 135)
RealScan3-15: (300, 360, 117, 130)
RealScan3-16: (308, 373, 102, 114)
RealScan3-17: (306, 366, 94, 121)
RealScan3-18: (292, 355, 121, 131)
RealScan3-19: (306, 370, 100, 127)
RealScan3-20: (304, 374, 108, 115)
RealScan3-21: (304, 369, 112, 107)
RealScan3-22: (301, 356, 115, 106)
RealScan3-23: (302, 352, 109, 114)
RealScan3-24: (309, 364, 116, 86)
RealScan3-25: (296, 334, 150, 111)
RealScan3-26: (306, 316, 134, 132)
RealScan3-27: (300, 315, 137, 132)
RealScan3-28: (304, 299, 139, 136)
RealScan3-29: (299, 318, 140, 108)
RealScan3-30: (300, 301, 143, 141)
RealScan3-31: (311, 322, 111, 105)
RealScan3-32: (302, 318, 143, 118)
RealScan3-33: (299, 321, 142, 108)
RealScan3-34: (298, 307, 148, 129)
RealScan3-35: (308, 325, 115, 100)
RealScan3-36: (294, 319, 133, 130)
RealScan3-37: (305, 319, 130, 92)
RealScan3-38: (325, 294, 113, 110)
RealScan3-39: (323, 278, 110, 121)
RealScan3-40: (330, 238, 112, 151)
RealScan3-41: (316, 244, 136, 156)
RealScan3-42: (330, 262, 105, 122)
RealScan3-43: (313, 230, 123, 152)
RealScan3-44: (324, 250, 106, 131)
RealScan3-45: (320, 248, 121, 144)
RealScan3-46: (310, 245, 135, 139)
RealScan3-47: (321, 236, 119, 127)
RealScan3-48: (323, 234, 124, 125)
RealScan3-49: (324, 231, 133, 119)
RealScan3-50: (333, 215, 128, 124)
RealScan3-51: (322, 188, 169, 144)
RealScan3-52: (331, 186, 158, 136)
RealScan3-53: (331, 187, 157, 130)
RealScan3-54: (323, 183, 160, 141)
RealScan3-55: (326, 176, 156, 153)
RealScan3-56: (340, 179, 135, 147)
RealScan3-57: (333, 180, 141, 148)
RealScan3-58: (326, 173, 157, 159)
RealScan3-59: (331, 153, 144, 148)
RealScan3-60: (327, 161, 155, 132)
RealScan3-61: (335, 161, 150, 136)
RealScan3-62: (359, 149, 116, 137)
RealScan3-63: (352, 147, 136, 129)
RealScan3-64: (378, 147, 119, 130)
RealScan3-65: (359, 106, 144, 164)
RealScan3-66: (362, 102, 158, 182)
RealScan3-67: (379, 121, 119, 155)
RealScan3-68: (366, 121, 129, 157)
RealScan3-69: (382, 127, 129, 152)
RealScan3-70: (382, 160, 118, 104)
RealScan3-71: (381, 107, 131, 152)
RealScan3-72: (376, 96, 138, 172)
RealScan3-73: (365, 117, 146, 159)
RealScan3-74: (367, 119, 157, 147)
RealScan3-75: (396, 87, 161, 142)
RealScan3-76: (404, 82, 156, 130)
RealScan3-77: (406, 55, 171, 150)
RealScan3-78: (414, 52, 179, 136)
RealScan3-79: (414, 61, 172, 140)
RealScan3-80: (409, 61, 175, 133)
RealScan3-81: (421, 51, 167, 150)
RealScan3-82: (396, 69, 189, 143)
RealScan3-83: (420, 48, 165, 150)
RealScan3-84: (408, 56, 187, 154)
RealScan3-85: (419, 67, 142, 140)
RealScan3-86: (402, 69, 165, 153)
RealScan3-87: (416, 57, 172, 151)
RealScan3-88: (413, 65, 180, 141)
RealScan3-89: (412, 65, 173, 138)
RealScan3-90: (432, 73, 135, 131)
RealScan3-91: (422, 67, 163, 129)
RealScan3-92: (446, 56, 131, 135)
RealScan3-93: (457, 80, 117, 108)
RealScan3-94: (467, 74, 113, 112)
RealScan3-95: (447, 67, 140, 117)
RealScan3-96: (467, 83, 102, 96)
RealScan3-97: (436, 60, 128, 119)
RealScan3-98: (459, 84, 117, 90)
RealScan3-99: (460, 77, 113, 94)
RealScan3-100: (443, 73, 133, 113)
RealScan3-101: (448, 61, 129, 122)
RealScan3-102: (465, 80, 126, 99)
RealScan3-103: (473, 75, 115, 103)
RealScan3-104: (464, 64, 130, 104)
RealScan3-105: (447, 45, 142, 128)
RealScan3-106: (457, 57, 129, 112)
RealScan3-107: (448, 54, 131, 102)
RealScan3-108: (430, 25, 129, 124)
RealScan3-109: (418, 14, 149, 134)
RealScan3-110: (411, 21, 153, 128)
RealScan3-111: (416, 30, 142, 115)
RealScan3-112: (415, 34, 154, 111)
RealScan3-113: (425, 37, 141, 115)
RealScan3-114: (419, 36, 138, 105)
RealScan3-115: (436, 42, 132, 113)
RealScan3-116: (433, 42, 142, 122)
RealScan3-117: (449, 57, 126, 108)
RealScan3-118: (432, 50, 129, 97)
RealScan3-119: (422, 33, 128, 122)
RealScan3-120: (423, 12, 133, 124)
RealScan3-121: (430, 22, 133, 121)
RealScan3-122: (416, 32, 137, 115)
RealScan3-123: (413, 35, 151, 117)
RealScan3-124: (416, 33, 148, 116)
RealScan3-125: (415, 34, 160, 127)
RealScan3-126: (409, 31, 144, 109)
RealScan3-127: (413, 34, 150, 128)
RealScan3-128: (421, 33, 129, 114)
RealScan3-129: (419, 24, 129, 122)
RealScan3-130: (416, 22, 147, 130)
RealScan3-131: (423, 26, 152, 127)
RealScan3-132: (410, 33, 136, 118)
RealScan3-133: (400, 42, 135, 120)
RealScan3-134: (382, 46, 136, 129)
RealScan3-135: (381, 53, 131, 109)
RealScan3-136: (337, 52, 190, 93)
RealScan3-137: (321, 73, 193, 81)
RealScan3-138: (320, 71, 176, 75)
RealScan3-139: (329, 62, 167, 81)
RealScan3-140: (344, 54, 176, 106)
RealScan3-141: (325, 69, 197, 91)
RealScan3-142: (336, 51, 180, 101)
RealScan3-143: (341, 67, 169, 98)
RealScan3-144: (324, 66, 164, 107)
RealScan3-145: (333, 67, 146, 102)
RealScan3-146: (312, 58, 128, 104)
RealScan3-147: (306, 58, 137, 112)
RealScan3-148: (287, 44, 145, 136)
RealScan3-149: (283, 49, 138, 135)
RealScan3-150: (283, 47, 143, 132)
RealScan3-151: (287, 53, 135, 134)
RealScan3-152: (287, 56, 137, 135)
RealScan3-153: (283, 50, 136, 132)
RealScan3-154: (275, 47, 141, 138)
RealScan3-155: (280, 52, 118, 135)
RealScan3-156: (289, 48, 104, 139)
RealScan3-157: (272, 53, 107, 121)
RealScan3-158: (267, 58, 108, 120)
RealScan3-159: (229, 60, 166, 114)
RealScan3-160: (234, 51, 138, 145)
RealScan3-161: (202, 58, 167, 130)
RealScan3-162: (193, 58, 178, 138)
RealScan3-163: (211, 69, 165, 122)
RealScan3-164: (205, 68, 181, 123)
RealScan3-165: (199, 62, 184, 120)
RealScan3-166: (207, 57, 162, 130)
RealScan3-167: (200, 67, 157, 132)
RealScan3-168: (186, 64, 175, 124)
RealScan3-169: (202, 72, 142, 120)
RealScan3-170: (186, 80, 154, 124)
RealScan3-171: (149, 55, 187, 143)
RealScan3-172: (147, 85, 161, 128)
RealScan3-173: (147, 68, 159, 153)
RealScan3-174: (143, 82, 155, 139)
RealScan3-175: (134, 90, 149, 140)
RealScan3-176: (150, 77, 145, 142)
RealScan3-177: (145, 79, 150, 142)
RealScan3-178: (156, 82, 136, 135)
RealScan3-179: (154, 70, 172, 154)
RealScan3-180: (138, 76, 141, 151)
RealScan3-181: (132, 71, 145, 153)
