RealScan3-1: (330, 567, 104, 80)
RealScan3-2: (330, 566, 104, 85)
RealScan3-3: (318, 556, 127, 98)
RealScan3-4: (330, 557, 106, 93)
RealScan3-5: (322, 567, 117, 82)
RealScan3-6: (337, 555, 106, 87)
RealScan3-7: (335, 558, 103, 94)
RealScan3-8: (332, 567, 111, 85)
RealScan3-9: (330, 562, 108, 91)
RealScan3-10: (330, 567, 111, 89)
RealScan3-11: (325, 561, 108, 90)
RealScan3-12: (315, 549, 115, 99)
RealScan3-13: (316, 545, 108, 100)
RealScan3-14: (327, 553, 93, 94)
RealScan3-15: (331, 565, 86, 79)
RealScan3-16: (316, 559, 110, 85)
RealScan3-17: (318, 557, 96, 92)
RealScan3-18: (320, 562, 95, 84)
RealScan3-19: (308, 559, 106, 79)
RealScan3-20: (304, 542, 106, 94)
RealScan3-21: (294, 553, 104, 77)
RealScan3-22: (281, 542, 125, 85)
RealScan3-23: (278, 541, 124, 85)
RealScan3-24: (278, 542, 109, 73)
RealScan3-25: (267, 533, 148, 92)
RealScan3-26: (277, 539, 116, 82)
RealScan3-27: (278, 542, 121, 78)
RealScan3-28: (273, 522, 170, 86)
RealScan3-29: (272, 528, 199, 77)
RealScan3-30: (270, 532, 211, 68)
RealScan3-31: (270, 524, 224, 77)
RealScan3-32: (272, 498, 210, 115)
RealScan3-33: (278, 535, 207, 72)
RealScan3-34: (277, 531, 205, 81)
RealScan3-35: (279, 521, 216, 89)
RealScan3-36: (290, 536, 201, 77)
RealScan3-37: (325, 529, 168, 76)
RealScan3-38: (343, 501, 169, 113)
RealScan3-39: (362, 512, 129, 93)
RealScan3-40: (379, 497, 106, 111)
RealScan3-41: (396, 506, 78, 107)
RealScan3-42: (401, 499, 103, 104)
RealScan3-43: (383, 499, 131, 102)
RealScan3-44: (383, 501, 114, 106)
RealScan3-45: (390, 489, 122, 109)
RealScan3-46: (391, 488, 132, 110)
RealScan3-47: (392, 477, 131, 119)
RealScan3-48: (398, 459, 125, 134)
RealScan3-49: (397, 478, 153, 103)
RealScan3-50: (405, 471, 142, 107)
RealScan3-51: (407, 447, 158, 118)
RealScan3-52: (412, 452, 169, 120)
RealScan3-53: (414, 466, 144, 95)
RealScan3-54: (411, 470, 165, 101)
RealScan3-55: (402, 467, 168, 95)
RealScan3-56: (414, 467, 157, 90)
RealScan3-57: (429, 462, 145, 96)
RealScan3-58: (438, 443, 119, 101)
RealScan3-59: (449, 422, 106, 119)
RealScan3-60: (456, 422, 101, 120)
RealScan3-61: (463, 399, 102, 138)
RealScan3-62: (460, 390, 116, 149)
RealScan3-63: (462, 391, 111, 150)
RealScan3-64: (470, 404, 108, 133)
RealScan3-65: (458, 401, 117, 139)
RealScan3-66: (460, 407, 108, 136)
RealScan3-67: (465, 390, 106, 133)
RealScan3-68: (454, 383, 127, 132)
RealScan3-69: (467, 400, 128, 99)
RealScan3-70: (470, 402, 118, 102)
RealScan3-71: (458, 383, 137, 101)
RealScan3-72: (475, 367, 105, 102)
RealScan3-73: (463, 348, 125, 116)
RealScan3-74: (475, 352, 110, 109)
RealScan3-75: (465, 351, 117, 112)
RealScan3-76: (474, 340, 117, 122)
RealScan3-77: (472, 350, 112, 126)
RealScan3-78: (474, 350, 111, 119)
RealScan3-79: (477, 338, 103, 112)
RealScan3-80: (477, 346, 109, 106)
RealScan3-81: (467, 338, 131, 104)
RealScan3-82: (470, 332, 116, 99)
RealScan3-83: (472, 320, 110, 89)
RealScan3-84: (470, 284, 111, 121)
RealScan3-85: (476, 272, 114, 134)
RealScan3-86: (470, 263, 117, 135)
RealScan3-87: (475, 284, 103, 113)
RealScan3-88: (472, 283, 111, 116)
RealScan3-89: (468, 282, 124, 120)
RealScan3-90: (489, 296, 95, 95)
RealScan3-91: (472, 279, 112, 105)
RealScan3-92: (470, 274, 118, 94)
RealScan3-93: (477, 264, 105, 102)
RealScan3-94: (466, 262, 122, 97)
RealScan3-95: (466, 242, 107, 111)
RealScan3-96: (462, 212, 109, 133)
RealScan3-97: (466, 204, 116, 139)
RealScan3-98: (462, 206, 110, 140)
RealScan3-99: (467, 207, 103, 142)
RealScan3-100: (476, 206, 99, 139)
RealScan3-101: (484, 216, 90, 113)
RealScan3-102: (474, 208, 101, 116)
RealScan3-103: (476, 216, 98, 100)
RealScan3-104: (464, 203, 112, 110)
RealScan3-105: (459, 204, 114, 96)
RealScan3-106: (443, 164, 140, 125)
RealScan3-107: (450, 188, 137, 103)
RealScan3-108: (433, 153, 141, 126)
RealScan3-109: (445, 164, 128, 120)
RealScan3-110: (443, 171, 131, 106)
RealScan3-111: (449, 169, 122, 102)
RealScan3-112: (447, 174, 116, 103)
RealScan3-113: (447, 156, 126, 117)
RealScan3-114: (450, 149, 124, 108)
RealScan3-115: (443, 138, 129, 116)
RealScan3-116: (448, 135, 109, 124)
RealScan3-117: (418, 115, 119, 141)
RealScan3-118: (406, 89, 132, 176)
RealScan3-119: (389, 100, 139, 152)
RealScan3-120: (380, 81, 158, 161)
RealScan3-121: (379, 82, 152, 163)
RealScan3-122: (390, 103, 124, 144)
RealScan3-123: (393, 112, 132, 122)
RealScan3-124: (387, 107, 123, 119)
RealScan3-125: (376, 100, 125, 128)
RealScan3-126: (360, 107, 125, 107)
RealScan3-127: (341, 92, 127, 120)
RealScan3-128: (325, 96, 149, 116)
RealScan3-129: (353, 83, 132, 120)
RealScan3-130: (294, 85, 169, 113)
RealScan3-131: (288, 79, 175, 111)
RealScan3-132: (278, 57, 150, 127)
RealScan3-133: (302, 75, 155, 110)
RealScan3-134: (316, 78, 137, 114)
RealScan3-135: (305, 67, 140, 107)
RealScan3-136: (295, 60, 148, 123)
RealScan3-137: (296, 70, 150, 117)
RealScan3-138: (296, 59, 141, 129)
RealScan3-139: (297, 70, 128, 129)
RealScan3-140: (249, 49, 157, 129)
RealScan3-141: (207, 43, 199, 135)
RealScan3-142: (210, 52, 184, 120)
RealScan3-143: (207, 51, 164, 120)
RealScan3-144: (209, 51, 176, 117)
RealScan3-145: (220, 46, 168, 127)
RealScan3-146: (220, 46, 166, 127)
RealScan3-147: (226, 51, 161, 135)
RealScan3-148: (221, 49, 146, 123)
RealScan3-149: (211, 49, 147, 119)
RealScan3-150: (202, 56, 152, 123)
RealScan3-151: (193, 54, 142, 123)
RealScan3-152: (163, 44, 159, 131)
RealScan3-153: (125, 29, 196, 161)
RealScan3-154: (139, 57, 207, 140)
RealScan3-155: (139, 60, 200, 128)
RealScan3-156: (162, 45, 176, 134)
RealScan3-157: (147, 63, 187, 139)
RealScan3-158: (152, 48, 193, 144)
RealScan3-159: (161, 53, 175, 131)
RealScan3-160: (149, 44, 157, 152)
RealScan3-161: (151, 54, 155, 135)
RealScan3-162: (157, 60, 138, 128)
RealScan3-163: (146, 50, 148, 138)
RealScan3-164: (137, 70, 155, 119)
RealScan3-165: (128, 59, 171, 127)
RealScan3-166: (124, 64, 168, 122)
