RealScan3-1: (315, 485, 161, 125)
RealScan3-2: (318, 493, 151, 120)
RealScan3-3: (320, 494, 144, 116)
RealScan3-4: (324, 497, 142, 110)
RealScan3-5: (322, 491, 145, 115)
RealScan3-6: (311, 496, 154, 102)
RealScan3-7: (304, 489, 170, 117)
RealScan3-8: (311, 494, 167, 110)
RealScan3-9: (319, 496, 148, 106)
RealScan3-10: (323, 501, 137, 97)
RealScan3-11: (321, 503, 141, 99)
RealScan3-12: (316, 505, 150, 85)
RealScan3-13: (323, 500, 143, 105)
RealScan3-14: (333, 495, 120, 112)
RealScan3-15: (323, 496, 154, 102)
RealScan3-16: (332, 498, 140, 101)
RealScan3-17: (322, 498, 167, 102)
RealScan3-18: (316, 509, 166, 86)
RealScan3-19: (320, 517, 145, 80)
RealScan3-20: (317, 515, 150, 89)
RealScan3-21: (315, 520, 142, 86)
RealScan3-22: (306, 524, 155, 91)
RealScan3-23: (300, 511, 160, 113)
RealScan3-24: (300, 521, 160, 96)
RealScan3-25: (295, 510, 162, 116)
RealScan3-26: (294, 511, 159, 121)
RealScan3-27: (297, 506, 162, 141)
RealScan3-28: (299, 523, 165, 119)
RealScan3-29: (302, 524, 160, 130)
RealScan3-30: (320, 531, 148, 134)
RealScan3-31: (297, 539, 173, 130)
RealScan3-32: (311, 538, 150, 124)
RealScan3-33: (313, 551, 138, 115)
RealScan3-34: (310, 555, 140, 114)
RealScan3-35: (304, 541, 166, 129)
RealScan3-36: (305, 561, 149, 117)
RealScan3-37: (314, 555, 168, 120)
RealScan3-38: (316, 561, 148, 118)
RealScan3-39: (329, 551, 148, 134)
RealScan3-40: (301, 547, 163, 138)
RealScan3-41: (319, 529, 138, 151)
RealScan3-42: (321, 522, 138, 162)
RealScan3-43: (322, 522, 139, 159)
RealScan3-44: (334, 524, 131, 162)
RealScan3-45: (327, 535, 140, 153)
RealScan3-46: (329, 538, 136, 149)
RealScan3-47: (317, 549, 160, 144)
RealScan3-48: (323, 549, 134, 137)
RealScan3-49: (325, 549, 141, 128)
RealScan3-50: (322, 549, 140, 133)
RealScan3-51: (332, 544, 124, 128)
RealScan3-52: (343, 552, 111, 109)
RealScan3-53: (344, 530, 114, 119)
RealScan3-54: (345, 524, 121, 126)
RealScan3-55: (343, 501, 129, 151)
RealScan3-56: (329, 514, 148, 145)
RealScan3-57: (344, 523, 115, 136)
RealScan3-58: (344, 530, 123, 140)
RealScan3-59: (340, 535, 117, 126)
RealScan3-60: (342, 535, 121, 129)
RealScan3-61: (341, 534, 117, 113)
RealScan3-62: (338, 526, 126, 121)
RealScan3-63: (348, 535, 118, 108)
RealScan3-64: (332, 514, 128, 127)
RealScan3-65: (339, 478, 116, 151)
RealScan3-66: (331, 472, 137, 157)
RealScan3-67: (336, 472, 125, 161)
RealScan3-68: (341, 487, 120, 146)
RealScan3-69: (339, 505, 117, 128)
RealScan3-70: (327, 507, 138, 133)
RealScan3-71: (327, 514, 124, 127)
RealScan3-72: (339, 510, 112, 113)
RealScan3-73: (310, 501, 152, 120)
RealScan3-74: (326, 512, 130, 100)
RealScan3-75: (317, 497, 137, 108)
RealScan3-76: (319, 487, 130, 118)
RealScan3-77: (316, 475, 135, 127)
RealScan3-78: (312, 481, 134, 122)
RealScan3-79: (311, 478, 144, 133)
RealScan3-80: (313, 475, 134, 137)
RealScan3-81: (308, 481, 138, 129)
RealScan3-82: (317, 499, 127, 109)
RealScan3-83: (316, 479, 129, 127)
RealScan3-84: (327, 491, 120, 106)
RealScan3-85: (316, 483, 127, 113)
RealScan3-86: (319, 447, 117, 146)
RealScan3-87: (314, 428, 140, 162)
RealScan3-88: (310, 437, 134, 168)
RealScan3-89: (309, 459, 118, 135)
RealScan3-90: (307, 451, 125, 150)
RealScan3-91: (319, 452, 114, 152)
RealScan3-92: (308, 460, 122, 144)
RealScan3-93: (304, 460, 130, 138)
RealScan3-94: (303, 456, 142, 138)
RealScan3-95: (301, 473, 143, 109)
RealScan3-96: (311, 454, 118, 111)
RealScan3-97: (305, 429, 121, 122)
RealScan3-98: (296, 420, 140, 133)
RealScan3-99: (303, 424, 127, 126)
RealScan3-100: (307, 436, 125, 125)
RealScan3-101: (310, 440, 118, 120)
RealScan3-102: (308, 446, 122, 111)
RealScan3-103: (309, 449, 123, 108)
RealScan3-104: (304, 441, 129, 109)
RealScan3-105: (302, 436, 127, 104)
RealScan3-106: (301, 447, 131, 107)
RealScan3-107: (304, 417, 137, 121)
RealScan3-108: (300, 405, 141, 133)
RealScan3-109: (293, 399, 150, 140)
RealScan3-110: (289, 389, 149, 161)
RealScan3-111: (299, 375, 152, 180)
RealScan3-112: (299, 406, 145, 137)
RealScan3-113: (306, 420, 135, 129)
RealScan3-114: (303, 413, 140, 142)
RealScan3-115: (301, 427, 135, 125)
RealScan3-116: (311, 425, 132, 132)
RealScan3-117: (302, 427, 128, 109)
RealScan3-118: (293, 437, 146, 98)
RealScan3-119: (311, 412, 123, 123)
RealScan3-120: (319, 414, 112, 106)
RealScan3-121: (303, 399, 136, 121)
RealScan3-122: (315, 397, 128, 127)
RealScan3-123: (314, 397, 128, 127)
RealScan3-124: (317, 400, 124, 133)
RealScan3-125: (316, 409, 120, 121)
RealScan3-126: (307, 402, 131, 131)
RealScan3-127: (313, 405, 119, 123)
RealScan3-128: (316, 412, 111, 108)
RealScan3-129: (308, 413, 113, 107)
RealScan3-130: (313, 423, 132, 92)
RealScan3-131: (309, 402, 127, 119)
RealScan3-132: (313, 390, 156, 135)
RealScan3-133: (314, 398, 141, 127)
RealScan3-134: (313, 397, 146, 127)
RealScan3-135: (324, 386, 142, 133)
RealScan3-136: (313, 385, 139, 135)
RealScan3-137: (323, 403, 124, 126)
RealScan3-138: (318, 418, 121, 118)
RealScan3-139: (317, 425, 120, 122)
RealScan3-140: (316, 426, 118, 118)
RealScan3-141: (310, 418, 129, 133)
RealScan3-142: (306, 446, 136, 99)
RealScan3-143: (321, 442, 122, 113)
RealScan3-144: (320, 437, 130, 117)
RealScan3-145: (316, 449, 137, 108)
RealScan3-146: (318, 452, 140, 115)
RealScan3-147: (320, 448, 131, 118)
RealScan3-148: (332, 461, 111, 106)
RealScan3-149: (314, 457, 150, 114)
RealScan3-150: (330, 481, 105, 105)
RealScan3-151: (322, 477, 116, 113)
RealScan3-152: (316, 463, 130, 121)
RealScan3-153: (317, 483, 124, 109)
RealScan3-154: (311, 483, 141, 104)
RealScan3-155: (321, 479, 137, 108)
RealScan3-156: (329, 486, 112, 105)
RealScan3-157: (310, 473, 146, 114)
RealScan3-158: (328, 471, 121, 114)
RealScan3-159: (318, 456, 136, 124)
RealScan3-160: (324, 450, 122, 123)
RealScan3-161: (325, 450, 127, 135)
RealScan3-162: (336, 448, 126, 126)
RealScan3-163: (326, 443, 121, 128)
RealScan3-164: (322, 449, 132, 133)
RealScan3-165: (322, 448, 133, 133)
RealScan3-166: (321, 442, 143, 142)
RealScan3-167: (333, 456, 120, 119)
RealScan3-168: (318, 448, 141, 123)
RealScan3-169: (336, 462, 112, 98)
RealScan3-170: (332, 458, 127, 107)
RealScan3-171: (330, 452, 133, 113)
RealScan3-172: (332, 442, 148, 114)
RealScan3-173: (345, 431, 119, 125)
RealScan3-174: (330, 422, 156, 123)
RealScan3-175: (336, 416, 128, 139)
RealScan3-176: (335, 444, 112, 107)
RealScan3-177: (319, 439, 133, 124)
RealScan3-178: (323, 449, 119, 111)
RealScan3-179: (326, 456, 120, 111)
RealScan3-180: (316, 460, 136, 109)
RealScan3-181: (324, 445, 125, 131)
RealScan3-182: (321, 473, 121, 109)
RealScan3-183: (314, 460, 146, 123)
RealScan3-184: (326, 470, 124, 109)
RealScan3-185: (316, 470, 146, 104)
RealScan3-186: (318, 468, 144, 106)
RealScan3-187: (317, 451, 133, 127)
RealScan3-188: (321, 446, 131, 123)
RealScan3-189: (309, 433, 145, 132)
RealScan3-190: (328, 442, 115, 116)
RealScan3-191: (316, 439, 132, 124)
RealScan3-192: (324, 450, 121, 118)
RealScan3-193: (328, 461, 134, 121)
RealScan3-194: (318, 456, 140, 123)
RealScan3-195: (324, 456, 123, 123)
RealScan3-196: (323, 450, 127, 131)
RealScan3-197: (324, 458, 120, 116)
RealScan3-198: (320, 457, 123, 114)
RealScan3-199: (318, 455, 127, 113)
RealScan3-200: (333, 464, 116, 108)
RealScan3-201: (323, 470, 146, 105)
RealScan3-202: (335, 453, 129, 120)
RealScan3-203: (339, 438, 130, 128)
RealScan3-204: (331, 429, 152, 141)
RealScan3-205: (333, 428, 148, 145)
RealScan3-206: (334, 427, 140, 157)
RealScan3-207: (334, 437, 143, 146)
RealScan3-208: (334, 457, 129, 124)
RealScan3-209: (341, 450, 133, 143)
RealScan3-210: (341, 465, 125, 126)
RealScan3-211: (341, 475, 127, 124)
RealScan3-212: (339, 476, 132, 126)
RealScan3-213: (344, 478, 126, 123)
RealScan3-214: (337, 473, 140, 127)
RealScan3-215: (337, 479, 139, 122)
RealScan3-216: (333, 482, 142, 109)
RealScan3-217: (336, 480, 124, 108)
RealScan3-218: (330, 473, 135, 108)
RealScan3-219: (331, 478, 142, 106)
RealScan3-220: (333, 476, 130, 98)
RealScan3-221: (344, 482, 120, 103)
RealScan3-222: (330, 492, 133, 96)
RealScan3-223: (335, 480, 127, 114)
RealScan3-224: (340, 499, 120, 92)
RealScan3-225: (333, 499, 132, 101)
RealScan3-226: (343, 501, 133, 108)
RealScan3-227: (334, 497, 128, 108)
RealScan3-228: (332, 499, 140, 110)
RealScan3-229: (321, 493, 159, 111)
RealScan3-230: (328, 502, 142, 101)
RealScan3-231: (336, 495, 126, 93)
RealScan3-232: (343, 482, 123, 96)
RealScan3-233: (346, 485, 122, 97)
RealScan3-234: (340, 470, 127, 118)
RealScan3-235: (337, 452, 139, 135)
RealScan3-236: (334, 453, 142, 132)
RealScan3-237: (334, 457, 134, 134)
RealScan3-238: (329, 451, 141, 146)
RealScan3-239: (337, 442, 128, 156)
RealScan3-240: (324, 448, 143, 166)
RealScan3-241: (328, 469, 142, 146)
RealScan3-242: (324, 467, 144, 162)
RealScan3-243: (330, 482, 135, 129)
RealScan3-244: (326, 482, 138, 150)
RealScan3-245: (330, 490, 118, 140)
RealScan3-246: (328, 497, 128, 134)
RealScan3-247: (335, 494, 117, 137)
RealScan3-248: (325, 478, 134, 136)
RealScan3-249: (319, 498, 137, 115)
RealScan3-250: (331, 499, 130, 111)
RealScan3-251: (324, 501, 133, 105)
RealScan3-252: (321, 494, 133, 105)
RealScan3-253: (331, 482, 134, 123)
RealScan3-254: (329, 471, 135, 126)
RealScan3-255: (326, 467, 137, 136)
RealScan3-256: (331, 471, 131, 135)
RealScan3-257: (332, 485, 135, 133)
RealScan3-258: (330, 483, 134, 137)
RealScan3-259: (328, 495, 135, 135)
RealScan3-260: (327, 496, 131, 120)
RealScan3-261: (328, 501, 142, 118)
RealScan3-262: (324, 500, 133, 111)
RealScan3-263: (332, 514, 125, 98)
RealScan3-264: (332, 510, 129, 110)
RealScan3-265: (330, 503, 130, 106)
RealScan3-266: (327, 475, 143, 131)
RealScan3-267: (327, 489, 144, 134)
RealScan3-268: (324, 468, 156, 140)
RealScan3-269: (333, 469, 139, 144)
RealScan3-270: (332, 463, 135, 149)
RealScan3-271: (327, 475, 142, 141)
RealScan3-272: (331, 484, 128, 132)
RealScan3-273: (319, 482, 152, 136)
RealScan3-274: (324, 475, 150, 146)
RealScan3-275: (332, 484, 138, 120)
RealScan3-276: (323, 480, 154, 141)
RealScan3-277: (331, 485, 126, 128)
RealScan3-278: (326, 472, 145, 144)
RealScan3-279: (320, 492, 141, 121)
RealScan3-280: (338, 487, 135, 124)
RealScan3-281: (337, 498, 132, 97)
RealScan3-282: (335, 472, 119, 128)
RealScan3-283: (329, 468, 142, 138)
RealScan3-284: (345, 488, 104, 108)
RealScan3-285: (333, 459, 120, 142)
RealScan3-286: (339, 465, 112, 130)
RealScan3-287: (333, 472, 130, 133)
RealScan3-288: (348, 495, 117, 107)
RealScan3-289: (337, 482, 128, 132)
RealScan3-290: (339, 486, 115, 124)
RealScan3-291: (342, 492, 131, 121)
RealScan3-292: (333, 494, 125, 123)
RealScan3-293: (328, 505, 134, 113)
RealScan3-294: (335, 512, 134, 113)
RealScan3-295: (335, 509, 141, 113)
RealScan3-296: (328, 506, 135, 114)
RealScan3-297: (339, 511, 126, 108)
RealScan3-298: (341, 514, 115, 102)
RealScan3-299: (339, 503, 111, 101)
RealScan3-300: (344, 485, 115, 129)
RealScan3-301: (340, 467, 123, 148)
RealScan3-302: (343, 469, 124, 152)
RealScan3-303: (345, 476, 121, 144)
RealScan3-304: (350, 497, 118, 129)
RealScan3-305: (348, 495, 125, 131)
RealScan3-306: (349, 506, 115, 131)
RealScan3-307: (348, 501, 120, 133)
RealScan3-308: (342, 501, 130, 136)
RealScan3-309: (345, 501, 125, 126)
RealScan3-310: (328, 500, 145, 117)
RealScan3-311: (325, 507, 141, 109)
RealScan3-312: (330, 496, 121, 114)
RealScan3-313: (313, 505, 141, 102)
RealScan3-314: (303, 490, 153, 109)
RealScan3-315: (314, 496, 131, 104)
RealScan3-316: (306, 493, 144, 111)
RealScan3-317: (320, 496, 128, 109)
RealScan3-318: (323, 496, 127, 118)
RealScan3-319: (313, 499, 132, 122)
RealScan3-320: (326, 510, 116, 123)
RealScan3-321: (325, 536, 116, 102)
RealScan3-322: (312, 520, 146, 124)
RealScan3-323: (301, 512, 136, 118)
RealScan3-324: (309, 527, 130, 99)
RealScan3-325: (310, 523, 133, 102)
RealScan3-326: (301, 504, 149, 128)
RealScan3-327: (303, 517, 157, 120)
RealScan3-328: (324, 519, 135, 98)
RealScan3-329: (301, 538, 142, 80)
RealScan3-330: (316, 522, 120, 98)
RealScan3-331: (313, 524, 134, 96)
RealScan3-332: (311, 521, 125, 106)
RealScan3-333: (314, 523, 132, 108)
RealScan3-334: (311, 544, 125, 81)
RealScan3-335: (311, 532, 151, 102)
RealScan3-336: (311, 548, 127, 95)
RealScan3-337: (307, 531, 150, 110)
RealScan3-338: (306, 541, 143, 89)
RealScan3-339: (311, 534, 145, 100)
RealScan3-340: (319, 542, 127, 87)
RealScan3-341: (306, 542, 134, 90)
RealScan3-342: (302, 536, 145, 99)
RealScan3-343: (313, 544, 125, 84)
RealScan3-344: (316, 551, 120, 73)
RealScan3-345: (310, 543, 130, 89)
RealScan3-346: (307, 539, 134, 97)
RealScan3-347: (319, 551, 112, 76)
RealScan3-348: (309, 541, 139, 89)
RealScan3-349: (320, 545, 122, 82)
RealScan3-350: (311, 540, 118, 88)
RealScan3-351: (297, 539, 144, 99)
RealScan3-352: (299, 537, 137, 91)
RealScan3-353: (311, 543, 133, 87)
RealScan3-354: (316, 540, 127, 85)
RealScan3-355: (304, 537, 132, 88)
RealScan3-356: (319, 544, 117, 83)
RealScan3-357: (305, 545, 128, 79)
RealScan3-358: (317, 557, 112, 70)
RealScan3-359: (308, 543, 127, 82)
RealScan3-360: (313, 547, 123, 75)
RealScan3-361: (316, 544, 112, 74)
