RealScan3-1: (316, 499, 120, 82)
RealScan3-2: (313, 493, 129, 88)
RealScan3-3: (312, 501, 130, 79)
RealScan3-4: (308, 497, 134, 88)
RealScan3-5: (309, 503, 126, 82)
RealScan3-6: (309, 489, 132, 95)
RealScan3-7: (309, 488, 129, 97)
RealScan3-8: (309, 492, 131, 90)
RealScan3-9: (304, 488, 137, 96)
RealScan3-10: (299, 492, 148, 94)
RealScan3-11: (310, 492, 133, 94)
RealScan3-12: (319, 506, 119, 83)
RealScan3-13: (309, 496, 121, 82)
RealScan3-14: (306, 500, 139, 79)
RealScan3-15: (312, 496, 125, 83)
RealScan3-16: (308, 498, 126, 81)
RealScan3-17: (311, 500, 126, 81)
RealScan3-18: (306, 493, 128, 87)
RealScan3-19: (316, 499, 117, 77)
RealScan3-20: (311, 493, 129, 86)
RealScan3-21: (310, 500, 128, 78)
RealScan3-22: (308, 491, 131, 91)
RealScan3-23: (315, 499, 115, 80)
RealScan3-24: (314, 500, 119, 77)
RealScan3-25: (314, 494, 121, 85)
RealScan3-26: (311, 475, 131, 105)
RealScan3-27: (307, 472, 140, 110)
RealScan3-28: (310, 459, 126, 126)
RealScan3-29: (314, 461, 120, 116)
RealScan3-30: (308, 462, 133, 121)
RealScan3-31: (316, 476, 129, 100)
RealScan3-32: (329, 478, 122, 96)
RealScan3-33: (326, 496, 130, 85)
RealScan3-34: (339, 492, 110, 90)
RealScan3-35: (354, 496, 113, 84)
RealScan3-36: (350, 497, 141, 88)
RealScan3-37: (365, 508, 124, 82)
RealScan3-38: (369, 512, 123, 77)
RealScan3-39: (374, 507, 114, 93)
RealScan3-40: (368, 505, 137, 102)
RealScan3-41: (367, 506, 137, 104)
RealScan3-42: (371, 509, 120, 99)
RealScan3-43: (365, 496, 120, 112)
RealScan3-44: (351, 495, 118, 110)
RealScan3-45: (352, 499, 116, 96)
RealScan3-46: (352, 480, 113, 119)
RealScan3-47: (355, 496, 109, 107)
RealScan3-48: (341, 491, 115, 116)
RealScan3-49: (336, 495, 108, 111)
RealScan3-50: (344, 505, 93, 95)
RealScan3-51: (316, 501, 143, 124)
RealScan3-52: (339, 520, 104, 86)
RealScan3-53: (330, 509, 130, 106)
RealScan3-54: (337, 514, 122, 93)
RealScan3-55: (329, 505, 128, 103)
RealScan3-56: (332, 508, 133, 90)
RealScan3-57: (338, 496, 118, 98)
RealScan3-58: (337, 459, 141, 137)
RealScan3-59: (339, 466, 132, 132)
RealScan3-60: (340, 452, 126, 151)
RealScan3-61: (343, 481, 116, 115)
RealScan3-62: (348, 479, 110, 123)
RealScan3-63: (349, 484, 116, 110)
RealScan3-64: (345, 488, 105, 111)
RealScan3-65: (352, 493, 100, 107)
RealScan3-66: (351, 493, 117, 100)
RealScan3-67: (348, 496, 101, 96)
RealScan3-68: (350, 496, 109, 85)
RealScan3-69: (351, 502, 108, 80)
RealScan3-70: (338, 471, 131, 112)
RealScan3-71: (360, 457, 109, 122)
RealScan3-72: (371, 451, 90, 127)
RealScan3-73: (357, 416, 114, 164)
RealScan3-74: (366, 422, 92, 155)
RealScan3-75: (342, 434, 127, 147)
RealScan3-76: (342, 448, 105, 128)
RealScan3-77: (331, 456, 100, 131)
RealScan3-78: (322, 466, 113, 125)
RealScan3-79: (317, 481, 110, 127)
RealScan3-80: (324, 489, 104, 111)
RealScan3-81: (318, 482, 113, 116)
RealScan3-82: (314, 473, 123, 120)
RealScan3-83: (343, 489, 112, 107)
RealScan3-84: (319, 488, 136, 96)
RealScan3-85: (321, 469, 184, 101)
RealScan3-86: (330, 471, 187, 105)
RealScan3-87: (336, 466, 157, 113)
RealScan3-88: (352, 465, 138, 118)
RealScan3-89: (358, 479, 128, 104)
RealScan3-90: (346, 468, 141, 126)
RealScan3-91: (340, 486, 138, 110)
RealScan3-92: (350, 484, 127, 113)
RealScan3-93: (349, 496, 128, 106)
RealScan3-94: (343, 495, 118, 111)
RealScan3-95: (323, 490, 155, 123)
RealScan3-96: (350, 506, 113, 99)
RealScan3-97: (354, 503, 122, 109)
RealScan3-98: (364, 513, 119, 103)
RealScan3-99: (375, 481, 129, 148)
RealScan3-100: (362, 483, 168, 141)
RealScan3-101: (376, 500, 150, 130)
RealScan3-102: (370, 482, 150, 152)
RealScan3-103: (359, 498, 139, 135)
RealScan3-104: (337, 499, 159, 135)
RealScan3-105: (334, 506, 140, 137)
RealScan3-106: (320, 514, 154, 133)
RealScan3-107: (317, 514, 154, 135)
RealScan3-108: (329, 514, 142, 132)
RealScan3-109: (341, 515, 131, 129)
RealScan3-110: (348, 504, 140, 125)
RealScan3-111: (335, 491, 157, 122)
RealScan3-112: (354, 485, 152, 136)
RealScan3-113: (362, 501, 171, 131)
RealScan3-114: (352, 522, 198, 114)
RealScan3-115: (353, 520, 214, 109)
RealScan3-116: (336, 521, 198, 103)
RealScan3-117: (338, 530, 161, 102)
RealScan3-118: (352, 554, 133, 75)
RealScan3-119: (327, 547, 168, 90)
RealScan3-120: (326, 547, 161, 94)
RealScan3-121: (308, 540, 186, 117)
RealScan3-122: (342, 553, 162, 105)
RealScan3-123: (340, 551, 152, 101)
RealScan3-124: (332, 547, 154, 105)
RealScan3-125: (363, 507, 136, 150)
RealScan3-126: (390, 532, 99, 133)
RealScan3-127: (378, 495, 142, 154)
RealScan3-128: (373, 513, 164, 142)
RealScan3-129: (386, 524, 161, 138)
RealScan3-130: (365, 547, 136, 116)
RealScan3-131: (373, 551, 138, 127)
RealScan3-132: (367, 530, 146, 141)
RealScan3-133: (367, 540, 136, 150)
RealScan3-134: (364, 563, 137, 111)
RealScan3-135: (378, 537, 105, 147)
RealScan3-136: (372, 540, 123, 135)
RealScan3-137: (368, 547, 131, 125)
RealScan3-138: (370, 551, 132, 106)
RealScan3-139: (371, 546, 132, 101)
RealScan3-140: (364, 536, 165, 113)
RealScan3-141: (351, 539, 191, 112)
RealScan3-142: (365, 537, 168, 118)
RealScan3-143: (354, 531, 185, 123)
RealScan3-144: (365, 558, 141, 95)
RealScan3-145: (369, 547, 135, 109)
RealScan3-146: (350, 557, 145, 107)
RealScan3-147: (361, 549, 142, 114)
RealScan3-148: (347, 572, 140, 87)
RealScan3-149: (363, 555, 128, 109)
RealScan3-150: (363, 573, 118, 80)
RealScan3-151: (363, 549, 153, 118)
RealScan3-152: (389, 551, 98, 108)
RealScan3-153: (398, 545, 99, 114)
RealScan3-154: (388, 534, 113, 120)
RealScan3-155: (394, 522, 100, 145)
RealScan3-156: (393, 521, 113, 156)
RealScan3-157: (405, 515, 114, 152)
RealScan3-158: (395, 525, 107, 145)
RealScan3-159: (382, 532, 120, 147)
RealScan3-160: (382, 532, 115, 144)
RealScan3-161: (374, 532, 134, 143)
RealScan3-162: (383, 541, 106, 124)
RealScan3-163: (380, 542, 104, 119)
RealScan3-164: (369, 546, 112, 97)
RealScan3-165: (371, 545, 107, 95)
RealScan3-166: (375, 536, 97, 90)
RealScan3-167: (371, 494, 132, 124)
RealScan3-168: (362, 499, 135, 128)
RealScan3-169: (372, 507, 122, 118)
RealScan3-170: (363, 499, 127, 125)
RealScan3-171: (352, 496, 130, 135)
RealScan3-172: (347, 493, 135, 144)
RealScan3-173: (345, 489, 133, 150)
RealScan3-174: (354, 494, 113, 152)
RealScan3-175: (361, 508, 106, 139)
RealScan3-176: (344, 499, 123, 154)
RealScan3-177: (342, 504, 118, 129)
RealScan3-178: (342, 513, 106, 106)
RealScan3-179: (338, 521, 102, 96)
RealScan3-180: (355, 495, 107, 88)
RealScan3-181: (345, 488, 109, 97)
RealScan3-182: (357, 506, 97, 87)
RealScan3-183: (352, 513, 113, 87)
RealScan3-184: (325, 427, 154, 155)
RealScan3-185: (334, 429, 135, 158)
RealScan3-186: (339, 459, 135, 141)
RealScan3-187: (345, 481, 140, 133)
RealScan3-188: (345, 474, 132, 133)
RealScan3-189: (340, 482, 138, 125)
RealScan3-190: (350, 494, 133, 122)
RealScan3-191: (333, 487, 151, 134)
RealScan3-192: (341, 488, 135, 128)
RealScan3-193: (342, 503, 136, 124)
RealScan3-194: (323, 506, 144, 125)
RealScan3-195: (349, 519, 132, 115)
RealScan3-196: (340, 517, 142, 117)
RealScan3-197: (345, 517, 124, 113)
RealScan3-198: (332, 506, 160, 104)
RealScan3-199: (330, 485, 136, 104)
RealScan3-200: (343, 486, 114, 91)
RealScan3-201: (340, 479, 114, 86)
RealScan3-202: (344, 474, 129, 100)
RealScan3-203: (341, 456, 129, 114)
RealScan3-204: (353, 450, 108, 101)
RealScan3-205: (357, 472, 116, 99)
RealScan3-206: (343, 463, 120, 95)
RealScan3-207: (337, 455, 135, 116)
RealScan3-208: (340, 463, 144, 116)
RealScan3-209: (331, 475, 128, 103)
RealScan3-210: (330, 487, 134, 103)
RealScan3-211: (320, 486, 141, 103)
RealScan3-212: (325, 482, 128, 100)
RealScan3-213: (329, 489, 144, 100)
RealScan3-214: (345, 511, 131, 94)
RealScan3-215: (361, 502, 137, 110)
RealScan3-216: (370, 516, 124, 96)
RealScan3-217: (341, 498, 134, 110)
RealScan3-218: (340, 474, 130, 107)
RealScan3-219: (350, 475, 129, 106)
RealScan3-220: (334, 458, 129, 110)
RealScan3-221: (335, 467, 145, 129)
RealScan3-222: (330, 469, 153, 139)
RealScan3-223: (333, 488, 140, 118)
RealScan3-224: (332, 487, 126, 112)
RealScan3-225: (338, 492, 137, 106)
RealScan3-226: (345, 503, 131, 106)
RealScan3-227: (328, 502, 143, 121)
RealScan3-228: (335, 508, 135, 102)
RealScan3-229: (337, 500, 133, 116)
RealScan3-230: (344, 501, 143, 119)
RealScan3-231: (341, 499, 131, 115)
RealScan3-232: (339, 505, 128, 111)
RealScan3-233: (381, 505, 166, 117)
RealScan3-234: (411, 516, 156, 110)
RealScan3-235: (410, 509, 149, 116)
RealScan3-236: (423, 513, 162, 116)
RealScan3-237: (437, 514, 142, 116)
RealScan3-238: (465, 528, 143, 126)
RealScan3-239: (500, 524, 131, 113)
RealScan3-240: (525, 536, 175, 135)
RealScan3-240: (443, 425, 132, 111)
RealScan3-241: (456, 378, 169, 154)
RealScan3-242: (462, 365, 178, 169)
RealScan3-243: (492, 378, 164, 156)
RealScan3-244: (498, 386, 167, 152)
RealScan3-245: (501, 391, 190, 157)
RealScan3-246: (526, 397, 173, 165)
RealScan3-247: (543, 413, 176, 159)
RealScan3-248: (542, 400, 182, 178)
RealScan3-249: (578, 432, 161, 153)
RealScan3-250: (594, 445, 191, 173)
RealScan3-251: (626, 486, 174, 152)
RealScan3-252: (659, 479, 141, 151)
RealScan3-253: (661, 493, 138, 131)
RealScan3-254: (688, 516, 112, 120)
RealScan3-255: (695, 530, 105, 127)
RealScan3-256: (689, 543, 111, 119)
RealScan3-257: (692, 547, 108, 116)
RealScan3-258: (690, 550, 110, 117)
RealScan3-259: (692, 549, 108, 121)
RealScan3-260: (677, 536, 123, 126)
RealScan3-261: (670, 527, 130, 131)
RealScan3-262: (662, 499, 138, 124)
RealScan3-263: (654, 484, 146, 107)
RealScan3-264: (654, 467, 124, 108)
RealScan3-265: (630, 449, 133, 106)
RealScan3-266: (642, 444, 115, 106)
RealScan3-267: (633, 430, 112, 106)
RealScan3-268: (633, 426, 95, 97)
RealScan3-269: (641, 423, 91, 110)
RealScan3-270: (641, 417, 92, 114)
RealScan3-271: (647, 412, 98, 122)
RealScan3-272: (640, 417, 98, 130)
RealScan3-273: (639, 425, 98, 121)
RealScan3-274: (644, 432, 89, 114)
RealScan3-275: (639, 431, 102, 121)
RealScan3-276: (637, 428, 85, 119)
RealScan3-277: (628, 432, 87, 115)
RealScan3-278: (615, 433, 89, 110)
RealScan3-279: (609, 426, 86, 114)
RealScan3-280: (594, 427, 88, 107)
RealScan3-281: (592, 426, 89, 117)
RealScan3-282: (574, 418, 103, 117)
RealScan3-283: (570, 427, 105, 120)
RealScan3-284: (572, 426, 106, 118)
RealScan3-285: (590, 443, 90, 109)
RealScan3-286: (575, 439, 99, 109)
RealScan3-287: (581, 450, 90, 106)
RealScan3-288: (575, 446, 92, 110)
RealScan3-289: (577, 454, 86, 100)
RealScan3-290: (559, 447, 110, 113)
RealScan3-291: (562, 451, 99, 101)
RealScan3-292: (554, 441, 120, 106)
RealScan3-293: (559, 435, 120, 114)
RealScan3-294: (570, 449, 115, 96)
RealScan3-295: (556, 444, 106, 99)
RealScan3-296: (554, 452, 127, 102)
RealScan3-297: (568, 459, 108, 99)
RealScan3-298: (569, 467, 119, 101)
RealScan3-299: (562, 465, 121, 102)
RealScan3-300: (555, 472, 132, 98)
RealScan3-301: (538, 447, 138, 108)
RealScan3-302: (519, 454, 138, 105)
RealScan3-303: (501, 444, 143, 108)
RealScan3-304: (486, 458, 117, 81)
RealScan3-305: (455, 439, 130, 92)
RealScan3-306: (438, 425, 129, 103)
RealScan3-307: (403, 434, 141, 102)
RealScan3-308: (399, 442, 117, 92)
RealScan3-309: (397, 423, 110, 113)
RealScan3-310: (382, 430, 126, 101)
RealScan3-311: (397, 413, 123, 124)
RealScan3-312: (372, 426, 140, 105)
RealScan3-313: (387, 424, 118, 108)
RealScan3-314: (381, 420, 123, 113)
RealScan3-315: (382, 421, 124, 118)
RealScan3-316: (392, 409, 130, 117)
RealScan3-317: (379, 416, 135, 115)
RealScan3-318: (385, 411, 129, 120)
RealScan3-319: (380, 407, 144, 124)
RealScan3-320: (374, 409, 142, 115)
RealScan3-321: (353, 429, 163, 98)
RealScan3-322: (370, 429, 142, 100)
RealScan3-323: (379, 423, 127, 96)
RealScan3-324: (383, 427, 126, 100)
RealScan3-325: (364, 422, 147, 101)
RealScan3-326: (357, 416, 151, 111)
RealScan3-327: (370, 424, 124, 105)
RealScan3-328: (340, 417, 159, 110)
RealScan3-329: (351, 427, 135, 100)
RealScan3-330: (345, 423, 129, 94)
RealScan3-331: (346, 426, 129, 94)
RealScan3-332: (324, 419, 126, 94)
RealScan3-333: (324, 426, 133, 89)
RealScan3-334: (316, 433, 123, 82)
RealScan3-335: (293, 424, 151, 100)
RealScan3-336: (309, 440, 139, 83)
RealScan3-337: (313, 436, 121, 89)
RealScan3-338: (307, 436, 126, 94)
RealScan3-339: (312, 449, 129, 90)
RealScan3-340: (298, 439, 129, 96)
RealScan3-341: (301, 442, 137, 106)
RealScan3-342: (288, 426, 143, 111)
RealScan3-343: (301, 448, 136, 98)
RealScan3-344: (294, 447, 140, 107)
RealScan3-345: (315, 467, 119, 93)
RealScan3-346: (310, 464, 122, 98)
RealScan3-347: (315, 468, 129, 103)
RealScan3-348: (335, 488, 109, 83)
RealScan3-349: (327, 486, 127, 99)
RealScan3-350: (329, 491, 125, 88)
RealScan3-351: (333, 489, 123, 105)
RealScan3-352: (339, 504, 117, 90)
RealScan3-353: (332, 509, 123, 93)
RealScan3-354: (340, 508, 121, 91)
RealScan3-355: (321, 504, 131, 95)
RealScan3-356: (324, 517, 146, 94)
RealScan3-357: (334, 523, 121, 86)
RealScan3-358: (326, 521, 129, 100)
RealScan3-359: (326, 532, 132, 93)
RealScan3-360: (331, 537, 134, 103)
RealScan3-361: (339, 557, 133, 80)
RealScan3-362: (351, 544, 134, 96)
RealScan3-363: (358, 548, 122, 82)
RealScan3-364: (354, 538, 122, 85)
RealScan3-365: (360, 528, 105, 105)
RealScan3-366: (367, 522, 94, 104)
RealScan3-367: (347, 505, 131, 124)
RealScan3-368: (350, 505, 127, 120)
RealScan3-369: (353, 503, 109, 136)
RealScan3-370: (342, 504, 132, 143)
RealScan3-371: (350, 511, 122, 137)
RealScan3-372: (355, 525, 117, 126)
RealScan3-373: (356, 526, 110, 137)
RealScan3-374: (352, 526, 120, 142)
RealScan3-375: (346, 524, 124, 134)
RealScan3-376: (360, 504, 108, 151)
RealScan3-377: (352, 505, 113, 150)
RealScan3-378: (343, 506, 116, 158)
RealScan3-379: (358, 498, 100, 163)
RealScan3-380: (361, 508, 107, 145)
RealScan3-381: (347, 509, 117, 145)
RealScan3-382: (343, 508, 126, 137)
RealScan3-383: (349, 518, 117, 144)
RealScan3-384: (347, 506, 110, 149)
RealScan3-385: (358, 513, 101, 149)
RealScan3-386: (352, 515, 97, 134)
RealScan3-387: (348, 517, 98, 122)
RealScan3-388: (353, 516, 111, 107)
RealScan3-389: (338, 529, 109, 93)
RealScan3-390: (342, 528, 98, 82)
RealScan3-391: (328, 521, 132, 82)
RealScan3-392: (337, 507, 131, 86)
RealScan3-393: (322, 472, 129, 105)
RealScan3-394: (325, 480, 123, 90)
RealScan3-395: (320, 472, 130, 111)
RealScan3-396: (321, 470, 130, 107)
RealScan3-397: (335, 484, 126, 109)
RealScan3-398: (317, 480, 136, 118)
RealScan3-399: (316, 478, 140, 113)
RealScan3-400: (321, 478, 127, 110)
RealScan3-401: (318, 486, 136, 101)
RealScan3-402: (325, 477, 125, 102)
RealScan3-403: (303, 467, 139, 107)
RealScan3-404: (312, 475, 134, 93)
RealScan3-405: (321, 475, 121, 96)
RealScan3-406: (310, 472, 130, 91)
