RealScan3-1: (308, 489, 117, 88)
RealScan3-2: (299, 480, 131, 100)
RealScan3-3: (307, 487, 120, 95)
RealScan3-4: (311, 484, 118, 100)
RealScan3-5: (301, 480, 138, 107)
RealScan3-6: (309, 482, 120, 103)
RealScan3-7: (302, 482, 125, 92)
RealScan3-8: (306, 479, 120, 102)
RealScan3-9: (303, 476, 123, 100)
RealScan3-10: (301, 475, 126, 101)
RealScan3-11: (304, 484, 124, 93)
RealScan3-12: (302, 475, 127, 102)
RealScan3-13: (302, 483, 125, 92)
RealScan3-14: (305, 484, 122, 91)
RealScan3-15: (304, 477, 127, 102)
RealScan3-16: (301, 476, 133, 97)
RealScan3-17: (296, 478, 132, 97)
RealScan3-18: (296, 467, 137, 110)
RealScan3-19: (307, 480, 122, 97)
RealScan3-20: (304, 468, 124, 104)
RealScan3-21: (308, 468, 124, 104)
RealScan3-22: (307, 473, 122, 97)
RealScan3-23: (309, 465, 120, 99)
RealScan3-24: (308, 465, 122, 97)
RealScan3-25: (314, 459, 113, 103)
RealScan3-26: (314, 458, 113, 97)
RealScan3-27: (313, 447, 119, 109)
RealScan3-28: (309, 441, 126, 114)
RealScan3-29: (308, 439, 126, 117)
RealScan3-30: (307, 452, 129, 100)
RealScan3-31: (317, 451, 113, 106)
RealScan3-32: (312, 442, 119, 115)
RealScan3-33: (318, 452, 110, 106)
RealScan3-34: (315, 441, 118, 118)
RealScan3-35: (316, 450, 117, 99)
RealScan3-36: (311, 435, 123, 114)
RealScan3-37: (303, 420, 140, 116)
RealScan3-38: (286, 401, 160, 137)
RealScan3-39: (300, 410, 135, 128)
RealScan3-40: (300, 388, 130, 153)
RealScan3-41: (304, 393, 129, 147)
RealScan3-42: (317, 415, 115, 123)
RealScan3-43: (327, 414, 124, 124)
RealScan3-44: (330, 418, 127, 128)
RealScan3-45: (324, 423, 134, 121)
RealScan3-46: (328, 422, 138, 140)
RealScan3-47: (326, 426, 131, 134)
RealScan3-48: (321, 430, 138, 118)
RealScan3-49: (331, 426, 127, 129)
RealScan3-50: (330, 418, 134, 136)
RealScan3-51: (327, 429, 117, 105)
RealScan3-52: (324, 408, 127, 127)
RealScan3-53: (330, 404, 120, 134)
RealScan3-54: (326, 398, 120, 133)
RealScan3-55: (334, 411, 109, 132)
RealScan3-56: (333, 413, 105, 124)
RealScan3-57: (322, 420, 110, 120)
RealScan3-58: (323, 427, 99, 127)
RealScan3-59: (327, 442, 105, 106)
RealScan3-60: (312, 422, 115, 137)
RealScan3-61: (323, 440, 102, 107)
RealScan3-62: (319, 436, 112, 105)
RealScan3-63: (321, 438, 106, 100)
RealScan3-64: (321, 433, 110, 103)
RealScan3-65: (309, 431, 123, 107)
RealScan3-66: (313, 420, 118, 115)
RealScan3-67: (309, 392, 130, 149)
RealScan3-68: (310, 378, 131, 164)
RealScan3-69: (315, 388, 130, 158)
RealScan3-70: (313, 396, 129, 149)
RealScan3-71: (325, 408, 113, 137)
RealScan3-72: (325, 412, 110, 137)
RealScan3-73: (323, 413, 103, 136)
RealScan3-74: (319, 423, 112, 117)
RealScan3-75: (318, 421, 116, 117)
RealScan3-76: (322, 427, 106, 94)
RealScan3-77: (314, 430, 130, 96)
RealScan3-78: (319, 420, 128, 104)
RealScan3-79: (316, 406, 137, 121)
RealScan3-80: (325, 403, 119, 118)
RealScan3-81: (321, 387, 129, 131)
RealScan3-82: (322, 389, 123, 126)
RealScan3-83: (318, 391, 123, 130)
RealScan3-84: (325, 401, 109, 112)
RealScan3-85: (319, 412, 113, 106)
RealScan3-86: (314, 400, 121, 118)
RealScan3-87: (313, 406, 131, 125)
RealScan3-88: (320, 415, 120, 115)
RealScan3-89: (320, 414, 119, 108)
RealScan3-90: (321, 415, 117, 102)
RealScan3-91: (316, 415, 115, 100)
RealScan3-92: (319, 407, 107, 99)
RealScan3-93: (310, 361, 122, 153)
RealScan3-94: (320, 359, 114, 150)
RealScan3-95: (313, 347, 125, 162)
RealScan3-96: (324, 355, 109, 166)
RealScan3-97: (320, 340, 123, 185)
RealScan3-98: (313, 380, 129, 147)
RealScan3-99: (306, 381, 148, 137)
RealScan3-100: (315, 380, 131, 151)
RealScan3-101: (316, 386, 132, 140)
RealScan3-102: (316, 384, 129, 141)
RealScan3-103: (313, 383, 136, 140)
RealScan3-104: (320, 381, 138, 129)
RealScan3-105: (307, 392, 155, 110)
RealScan3-106: (315, 375, 132, 136)
RealScan3-107: (330, 382, 122, 117)
RealScan3-108: (318, 348, 130, 143)
RealScan3-109: (330, 349, 117, 135)
RealScan3-110: (321, 345, 125, 145)
RealScan3-111: (316, 342, 135, 152)
RealScan3-112: (322, 364, 124, 136)
RealScan3-113: (323, 367, 117, 126)
RealScan3-114: (330, 377, 110, 122)
RealScan3-115: (324, 376, 116, 123)
RealScan3-116: (332, 377, 117, 118)
RealScan3-117: (323, 365, 127, 122)
RealScan3-118: (330, 392, 114, 87)
RealScan3-119: (319, 378, 127, 110)
RealScan3-120: (319, 349, 123, 126)
RealScan3-121: (320, 329, 129, 156)
RealScan3-122: (337, 336, 99, 136)
RealScan3-123: (332, 323, 101, 154)
RealScan3-124: (334, 326, 103, 155)
RealScan3-125: (334, 349, 103, 131)
RealScan3-126: (332, 348, 106, 138)
RealScan3-127: (335, 348, 102, 135)
RealScan3-128: (329, 357, 108, 135)
RealScan3-129: (332, 360, 106, 147)
RealScan3-130: (332, 364, 98, 140)
RealScan3-131: (328, 366, 108, 132)
RealScan3-132: (330, 363, 110, 133)
RealScan3-133: (317, 372, 131, 121)
RealScan3-134: (321, 383, 123, 102)
RealScan3-135: (328, 379, 118, 108)
RealScan3-136: (325, 374, 114, 109)
RealScan3-137: (325, 366, 124, 114)
RealScan3-138: (321, 354, 128, 119)
RealScan3-139: (323, 362, 120, 117)
RealScan3-140: (322, 362, 116, 118)
RealScan3-141: (315, 362, 127, 123)
RealScan3-142: (317, 368, 124, 115)
RealScan3-143: (318, 376, 123, 110)
RealScan3-144: (312, 373, 133, 124)
RealScan3-145: (315, 370, 129, 121)
RealScan3-146: (321, 374, 121, 116)
RealScan3-147: (312, 376, 135, 111)
RealScan3-148: (327, 382, 112, 114)
RealScan3-149: (318, 376, 122, 124)
RealScan3-150: (320, 366, 107, 122)
RealScan3-151: (320, 337, 114, 146)
RealScan3-152: (318, 339, 115, 149)
RealScan3-153: (315, 330, 122, 167)
RealScan3-154: (316, 346, 116, 152)
RealScan3-155: (311, 365, 126, 140)
RealScan3-156: (320, 372, 107, 132)
RealScan3-157: (315, 373, 124, 135)
RealScan3-158: (316, 375, 123, 142)
RealScan3-159: (301, 388, 137, 137)
RealScan3-160: (316, 387, 126, 146)
RealScan3-161: (301, 383, 145, 151)
RealScan3-162: (299, 383, 154, 143)
RealScan3-163: (301, 385, 149, 149)
RealScan3-164: (298, 393, 142, 132)
RealScan3-165: (323, 370, 116, 140)
RealScan3-166: (321, 377, 107, 120)
RealScan3-167: (316, 357, 125, 147)
RealScan3-168: (314, 359, 127, 141)
RealScan3-169: (320, 374, 109, 124)
RealScan3-170: (312, 374, 122, 125)
RealScan3-171: (320, 388, 109, 121)
RealScan3-172: (328, 388, 106, 118)
RealScan3-173: (317, 388, 113, 121)
RealScan3-174: (325, 399, 119, 120)
RealScan3-175: (336, 400, 102, 106)
RealScan3-176: (333, 398, 112, 115)
RealScan3-177: (330, 399, 115, 108)
RealScan3-178: (339, 403, 111, 107)
RealScan3-179: (329, 388, 123, 119)
RealScan3-180: (334, 367, 119, 128)
RealScan3-181: (323, 328, 144, 185)
RealScan3-182: (331, 357, 123, 151)
RealScan3-183: (334, 346, 126, 166)
RealScan3-184: (327, 352, 145, 153)
RealScan3-185: (334, 376, 119, 134)
RealScan3-186: (323, 372, 147, 152)
RealScan3-187: (345, 388, 115, 131)
RealScan3-188: (348, 385, 110, 135)
RealScan3-189: (336, 390, 139, 140)
RealScan3-190: (333, 399, 136, 122)
RealScan3-191: (342, 400, 122, 122)
RealScan3-192: (336, 399, 145, 117)
RealScan3-193: (343, 413, 130, 91)
RealScan3-194: (348, 390, 124, 117)
RealScan3-195: (343, 384, 131, 116)
RealScan3-196: (343, 360, 132, 145)
RealScan3-197: (344, 357, 133, 150)
RealScan3-198: (348, 374, 128, 139)
RealScan3-199: (351, 382, 115, 128)
RealScan3-200: (340, 390, 126, 132)
RealScan3-201: (331, 391, 142, 140)
RealScan3-202: (345, 410, 118, 126)
RealScan3-203: (338, 409, 130, 130)
RealScan3-204: (335, 401, 126, 130)
RealScan3-205: (336, 410, 118, 120)
RealScan3-206: (333, 412, 121, 121)
RealScan3-207: (344, 413, 105, 107)
RealScan3-208: (335, 393, 118, 126)
RealScan3-209: (332, 404, 128, 109)
RealScan3-210: (328, 368, 146, 152)
RealScan3-211: (325, 377, 150, 142)
RealScan3-212: (320, 376, 150, 146)
RealScan3-213: (321, 380, 155, 153)
RealScan3-214: (335, 403, 129, 122)
RealScan3-215: (330, 398, 144, 140)
RealScan3-216: (316, 380, 175, 175)
RealScan3-217: (322, 395, 160, 154)
RealScan3-218: (319, 416, 138, 147)
RealScan3-219: (324, 408, 137, 155)
RealScan3-220: (320, 413, 147, 149)
RealScan3-221: (334, 408, 125, 156)
RealScan3-222: (330, 407, 152, 146)
RealScan3-223: (324, 420, 142, 125)
RealScan3-224: (332, 410, 130, 128)
RealScan3-225: (331, 445, 128, 99)
RealScan3-226: (337, 411, 128, 127)
RealScan3-227: (343, 410, 115, 121)
RealScan3-228: (333, 393, 127, 139)
RealScan3-229: (334, 399, 137, 143)
RealScan3-230: (336, 395, 128, 154)
RealScan3-231: (337, 404, 127, 142)
RealScan3-232: (346, 411, 115, 133)
RealScan3-233: (328, 403, 152, 152)
RealScan3-234: (354, 425, 111, 124)
RealScan3-235: (343, 420, 127, 136)
RealScan3-236: (338, 419, 127, 140)
RealScan3-237: (343, 434, 125, 127)
RealScan3-238: (343, 418, 130, 141)
RealScan3-239: (349, 429, 118, 126)
RealScan3-240: (329, 438, 149, 118)
RealScan3-241: (355, 438, 106, 112)
RealScan3-242: (349, 420, 117, 116)
RealScan3-243: (343, 398, 139, 147)
RealScan3-244: (345, 394, 146, 155)
RealScan3-245: (349, 416, 128, 126)
RealScan3-246: (352, 418, 124, 132)
RealScan3-247: (346, 419, 126, 130)
RealScan3-248: (337, 426, 146, 134)
RealScan3-249: (340, 423, 141, 143)
RealScan3-250: (341, 448, 134, 122)
RealScan3-251: (345, 441, 128, 123)
RealScan3-252: (333, 441, 152, 118)
RealScan3-253: (343, 456, 124, 100)
RealScan3-254: (323, 457, 157, 95)
RealScan3-255: (320, 453, 144, 93)
RealScan3-256: (329, 430, 128, 114)
RealScan3-257: (326, 412, 135, 139)
RealScan3-258: (316, 395, 150, 154)
RealScan3-259: (320, 380, 150, 186)
RealScan3-260: (329, 411, 130, 153)
RealScan3-261: (324, 417, 129, 140)
RealScan3-262: (337, 436, 114, 121)
RealScan3-263: (321, 421, 140, 148)
RealScan3-264: (349, 461, 115, 116)
RealScan3-265: (325, 443, 133, 132)
RealScan3-266: (333, 453, 129, 112)
RealScan3-267: (329, 446, 121, 114)
RealScan3-268: (329, 453, 124, 98)
RealScan3-269: (317, 438, 144, 118)
RealScan3-270: (332, 445, 119, 111)
RealScan3-271: (324, 415, 137, 151)
RealScan3-272: (321, 361, 145, 202)
RealScan3-273: (322, 369, 141, 193)
RealScan3-274: (319, 399, 129, 158)
RealScan3-275: (320, 385, 130, 178)
RealScan3-276: (310, 399, 132, 174)
RealScan3-277: (326, 417, 124, 155)
RealScan3-278: (333, 432, 121, 135)
RealScan3-279: (321, 429, 139, 152)
RealScan3-280: (327, 426, 130, 159)
RealScan3-281: (322, 436, 140, 144)
RealScan3-282: (316, 432, 156, 140)
RealScan3-283: (310, 421, 166, 153)
RealScan3-284: (316, 418, 142, 157)
RealScan3-285: (318, 417, 128, 129)
RealScan3-286: (323, 413, 119, 133)
RealScan3-287: (298, 398, 158, 163)
RealScan3-288: (310, 397, 153, 157)
RealScan3-289: (317, 394, 147, 167)
RealScan3-290: (309, 397, 142, 162)
RealScan3-291: (302, 406, 166, 162)
RealScan3-292: (303, 407, 158, 165)
RealScan3-293: (310, 413, 160, 158)
RealScan3-294: (310, 416, 153, 156)
RealScan3-295: (307, 423, 165, 159)
RealScan3-296: (302, 425, 159, 146)
RealScan3-297: (309, 441, 144, 128)
RealScan3-298: (307, 446, 139, 133)
RealScan3-299: (297, 433, 155, 133)
RealScan3-300: (308, 418, 128, 136)
RealScan3-301: (313, 410, 134, 151)
RealScan3-302: (311, 403, 150, 166)
RealScan3-303: (309, 413, 147, 156)
RealScan3-304: (322, 418, 134, 157)
RealScan3-305: (316, 416, 147, 160)
RealScan3-306: (309, 427, 156, 152)
RealScan3-307: (321, 432, 134, 153)
RealScan3-308: (322, 436, 142, 153)
RealScan3-309: (306, 432, 170, 169)
RealScan3-310: (313, 452, 155, 147)
RealScan3-311: (320, 456, 132, 153)
RealScan3-312: (316, 457, 154, 134)
RealScan3-313: (326, 461, 137, 133)
RealScan3-314: (328, 457, 155, 138)
RealScan3-315: (375, 464, 118, 143)
RealScan3-316: (380, 462, 128, 121)
RealScan3-317: (396, 460, 112, 124)
RealScan3-318: (407, 454, 104, 121)
RealScan3-319: (408, 438, 111, 144)
RealScan3-320: (406, 443, 122, 149)
RealScan3-321: (403, 457, 128, 138)
RealScan3-322: (408, 459, 110, 138)
RealScan3-323: (399, 463, 126, 130)
RealScan3-324: (382, 462, 136, 135)
RealScan3-325: (389, 478, 133, 132)
RealScan3-326: (387, 486, 129, 122)
RealScan3-327: (386, 487, 126, 134)
RealScan3-328: (361, 469, 157, 147)
RealScan3-329: (360, 473, 159, 147)
RealScan3-330: (365, 475, 148, 146)
