Scan-30: (333, 537, 112, 129)
Scan-31: (340, 535, 108, 149)
Scan-32: (325, 537, 123, 133)
Scan-33: (321, 521, 117, 154)
Scan-34: (332, 545, 117, 125)
Scan-35: (330, 535, 121, 114)
Scan-36: (320, 517, 128, 118)
Scan-37: (311, 508, 141, 117)
Scan-38: (330, 508, 114, 107)
Scan-39: (330, 461, 138, 151)
Scan-40: (323, 443, 159, 160)
Scan-41: (328, 429, 158, 173)
Scan-42: (334, 423, 158, 173)
Scan-43: (329, 455, 135, 138)
Scan-44: (340, 428, 122, 164)
Scan-45: (333, 433, 132, 134)
Scan-46: (328, 435, 137, 131)
Scan-47: (346, 414, 127, 124)
Scan-48: (336, 420, 146, 108)
Scan-49: (360, 393, 115, 126)
Scan-50: (371, 392, 103, 109)
Scan-51: (378, 372, 99, 123)
Scan-52: (390, 389, 90, 120)
Scan-53: (392, 367, 112, 142)
Scan-54: (377, 363, 109, 133)
Scan-55: (376, 371, 117, 133)
Scan-56: (369, 361, 112, 135)
Scan-57: (398, 343, 118, 136)
Scan-58: (416, 337, 94, 129)
Scan-59: (408, 328, 100, 109)
Scan-60: (420, 315, 97, 112)
Scan-61: (424, 315, 114, 92)
Scan-62: (409, 286, 153, 112)
Scan-63: (411, 287, 155, 118)
Scan-64: (423, 250, 151, 137)
Scan-65: (416, 245, 162, 148)
Scan-66: (423, 266, 137, 119)
Scan-67: (424, 246, 137, 144)
Scan-68: (427, 263, 136, 108)
Scan-69: (436, 257, 119, 104)
Scan-70: (448, 248, 124, 103)
Scan-71: (473, 227, 93, 107)
Scan-72: (462, 213, 115, 104)
Scan-73: (461, 194, 119, 122)
Scan-74: (458, 168, 115, 147)
Scan-75: (450, 163, 126, 156)
Scan-76: (457, 164, 122, 145)
Scan-77: (446, 156, 129, 152)
Scan-78: (471, 170, 110, 126)
Scan-79: (462, 164, 117, 128)
Scan-80: (465, 155, 124, 97)
Scan-81: (466, 150, 111, 109)
Scan-82: (445, 148, 121, 77)
Scan-83: (459, 112, 96, 110)
Scan-84: (454, 65, 104, 144)
Scan-85: (417, 74, 131, 130)
Scan-86: (401, 84, 141, 132)
Scan-87: (389, 73, 145, 138)
Scan-88: (373, 77, 164, 133)
Scan-89: (380, 87, 158, 120)
Scan-90: (395, 84, 143, 122)
Scan-91: (380, 71, 153, 136)
Scan-92: (381, 75, 143, 129)
Scan-93: (360, 66, 146, 130)
Scan-94: (378, 105, 127, 114)
Scan-95: (350, 69, 132, 123)
Scan-96: (286, 62, 199, 122)
Scan-97: (281, 61, 186, 131)
Scan-98: (288, 79, 187, 122)
Scan-99: (302, 73, 172, 105)
Scan-100: (319, 55, 157, 130)
Scan-101: (302, 73, 152, 104)
Scan-102: (290, 56, 157, 118)
Scan-103: (283, 49, 154, 119)
Scan-104: (280, 49, 133, 123)
Scan-105: (269, 46, 134, 131)
Scan-106: (247, 65, 141, 112)
Scan-107: (218, 71, 155, 102)
Scan-108: (217, 102, 160, 79)
Scan-109: (193, 87, 171, 99)
Scan-110: (174, 85, 203, 91)
Scan-111: (190, 87, 172, 108)
Scan-112: (187, 88, 179, 91)
Scan-113: (215, 97, 148, 88)
Scan-114: (201, 90, 131, 97)
Scan-115: (203, 94, 119, 105)
Scan-116: (192, 99, 132, 98)
Scan-117: (199, 105, 127, 118)
Scan-118: (203, 96, 108, 155)
Scan-119: (199, 105, 119, 172)
Scan-120: (214, 146, 115, 139)
Scan-121: (204, 126, 109, 169)
Scan-122: (184, 128, 134, 150)
Scan-123: (191, 119, 121, 149)
Scan-124: (162, 135, 146, 145)
Scan-125: (166, 147, 131, 135)
Scan-126: (159, 162, 139, 128)
Scan-127: (168, 181, 138, 122)
Scan-128: (196, 210, 112, 125)
Scan-129: (208, 237, 107, 121)
Scan-130: (219, 233, 116, 142)
Scan-131: (229, 261, 135, 136)
Scan-132: (234, 255, 128, 137)
Scan-133: (225, 241, 124, 135)
Scan-134: (212, 222, 130, 142)
Scan-135: (229, 233, 121, 133)
Scan-136: (222, 231, 125, 135)
Scan-137: (237, 248, 157, 118)
Scan-138: (259, 256, 87, 124)
Scan-139: (248, 259, 125, 115)
Scan-140: (268, 282, 98, 114)
Scan-141: (259, 298, 142, 114)
Scan-142: (261, 294, 148, 128)
Scan-143: (257, 298, 170, 132)
Scan-144: (271, 313, 153, 113)
Scan-145: (272, 315, 149, 114)
Scan-146: (257, 314, 147, 100)
Scan-147: (254, 306, 152, 114)
Scan-148: (271, 325, 137, 100)
Scan-149: (298, 339, 118, 92)
Scan-150: (311, 353, 122, 99)
Scan-151: (341, 343, 95, 122)
Scan-152: (334, 360, 115, 127)
Scan-153: (335, 367, 135, 146)
Scan-154: (335, 365, 140, 144)
Scan-155: (334, 373, 148, 139)
Scan-156: (325, 357, 150, 136)
Scan-157: (324, 356, 155, 144)
Scan-158: (355, 384, 117, 111)
Scan-159: (348, 375, 127, 125)
Scan-160: (378, 390, 110, 110)
Scan-161: (369, 382, 114, 128)
Scan-162: (401, 392, 106, 109)
Scan-163: (406, 406, 122, 98)
Scan-164: (411, 424, 136, 110)
Scan-165: (402, 417, 164, 138)
Scan-166: (399, 433, 168, 134)
Scan-167: (381, 414, 197, 163)
Scan-168: (394, 439, 166, 122)
Scan-169: (392, 440, 161, 117)
Scan-170: (396, 444, 167, 119)
Scan-171: (439, 477, 117, 84)
Scan-172: (429, 463, 128, 107)
Scan-173: (454, 489, 105, 106)
Scan-174: (458, 501, 108, 116)
Scan-175: (452, 488, 133, 152)
Scan-176: (432, 534, 124, 113)
Scan-177: (423, 536, 133, 109)
Scan-178: (439, 502, 132, 132)
Scan-179: (437, 508, 133, 138)
Scan-180: (451, 466, 139, 169)
Scan-181: (443, 510, 123, 129)
Scan-181: (428, 523, 144, 122)
Scan-182: (449, 524, 115, 125)
Scan-183: (449, 536, 114, 115)
Scan-184: (438, 551, 128, 105)
Scan-185: (443, 564, 94, 114)
Scan-186: (441, 581, 83, 99)
Scan-187: (409, 576, 109, 133)
Scan-188: (389, 559, 142, 149)
Scan-189: (347, 599, 184, 111)
Scan-190: (366, 585, 158, 116)
Scan-191: (366, 573, 170, 126)
Scan-192: (376, 588, 154, 103)
Scan-193: (388, 581, 123, 116)
Scan-194: (377, 583, 149, 116)
Scan-195: (374, 592, 103, 111)
Scan-196: (383, 588, 91, 101)
Scan-197: (365, 585, 122, 116)
Scan-198: (370, 590, 105, 119)
Scan-199: (360, 549, 100, 136)
Scan-200: (347, 526, 124, 160)
Scan-201: (354, 539, 111, 150)
Scan-202: (336, 545, 133, 137)
Scan-203: (353, 549, 107, 136)
Scan-204: (345, 558, 124, 135)
Scan-205: (323, 561, 118, 117)
Scan-206: (330, 549, 104, 125)
Scan-207: (333, 539, 94, 105)
Scan-208: (328, 525, 100, 106)
Scan-209: (317, 499, 139, 109)
Scan-210: (289, 494, 144, 105)
Scan-211: (295, 450, 140, 143)
Scan-212: (290, 446, 151, 143)
Scan-213: (283, 438, 152, 150)
Scan-214: (283, 434, 158, 157)
Scan-215: (303, 445, 133, 147)
Scan-216: (305, 453, 115, 122)
Scan-217: (296, 449, 150, 127)
Scan-218: (312, 453, 107, 102)
Scan-219: (303, 439, 117, 96)
Scan-220: (305, 424, 120, 114)
Scan-221: (294, 406, 100, 100)
Scan-222: (296, 378, 81, 124)
Scan-223: (286, 343, 84, 159)
Scan-224: (273, 340, 112, 163)
Scan-225: (288, 320, 77, 187)
Scan-226: (272, 340, 114, 160)
Scan-227: (271, 340, 114, 156)
Scan-228: (264, 346, 128, 143)
Scan-229: (262, 341, 118, 134)
Scan-230: (251, 332, 125, 128)
Scan-231: (263, 319, 115, 131)
Scan-232: (258, 334, 115, 97)
Scan-233: (244, 330, 104, 79)
Scan-234: (226, 298, 120, 105)
Scan-235: (201, 276, 160, 118)
Scan-236: (179, 252, 179, 149)
Scan-237: (202, 263, 149, 140)
Scan-238: (193, 267, 149, 121)
Scan-239: (196, 261, 155, 140)
Scan-240: (204, 269, 146, 114)
Scan-241: (205, 268, 130, 96)
Scan-242: (204, 236, 123, 123)
Scan-243: (195, 224, 111, 118)
Scan-244: (199, 217, 108, 112)
Scan-245: (195, 212, 105, 109)
Scan-246: (179, 183, 127, 136)
Scan-247: (173, 169, 124, 157)
Scan-248: (177, 190, 122, 134)
Scan-249: (180, 188, 116, 131)
Scan-250: (175, 180, 116, 127)
Scan-251: (163, 166, 112, 143)
Scan-252: (163, 162, 109, 124)
Scan-253: (150, 158, 113, 108)
Scan-254: (165, 162, 97, 105)
Scan-255: (153, 140, 96, 90)
Scan-256: (150, 109, 117, 129)
Scan-257: (145, 93, 122, 149)
Scan-258: (158, 109, 115, 137)
Scan-259: (148, 100, 107, 124)
Scan-260: (144, 85, 118, 146)
Scan-261: (152, 93, 112, 126)
Scan-262: (161, 84, 119, 132)
Scan-263: (167, 80, 116, 133)
Scan-264: (171, 74, 127, 127)
Scan-265: (169, 63, 121, 96)
Scan-266: (137, 47, 203, 111)
Scan-267: (150, 44, 189, 100)
Scan-268: (143, 46, 209, 113)
Scan-269: (147, 40, 202, 115)
Scan-270: (154, 40, 181, 116)
Scan-271: (148, 41, 183, 110)
Scan-272: (137, 48, 199, 93)
Scan-273: (145, 34, 196, 103)
Scan-274: (155, 51, 190, 56)
Scan-275: (177, 41, 169, 83)
Scan-276: (218, 32, 139, 96)
Scan-277: (208, 21, 164, 98)
Scan-278: (234, 27, 176, 101)
Scan-279: (245, 36, 177, 84)
Scan-280: (241, 45, 204, 79)
Scan-281: (242, 47, 215, 84)
Scan-282: (238, 44, 200, 85)
Scan-283: (238, 41, 200, 98)
Scan-284: (239, 34, 199, 100)
Scan-285: (255, 35, 181, 104)
Scan-286: (295, 41, 145, 87)
Scan-287: (301, 48, 149, 89)
Scan-288: (309, 43, 145, 105)
Scan-289: (337, 48, 110, 115)
Scan-290: (351, 35, 128, 150)
Scan-291: (348, 59, 138, 127)
Scan-292: (347, 43, 128, 140)
Scan-293: (338, 36, 155, 161)
Scan-294: (337, 32, 145, 151)
Scan-295: (343, 37, 134, 144)
Scan-296: (358, 50, 130, 141)
Scan-297: (370, 47, 122, 138)
Scan-298: (376, 74, 125, 122)
Scan-299: (398, 72, 109, 127)
Scan-300: (397, 87, 128, 128)
Scan-301: (407, 115, 122, 116)
Scan-302: (398, 112, 154, 128)
Scan-303: (412, 138, 136, 107)
Scan-304: (399, 121, 125, 109)
Scan-305: (412, 146, 124, 98)
Scan-306: (411, 145, 129, 102)
Scan-307: (427, 161, 113, 98)
Scan-308: (407, 160, 157, 119)
Scan-309: (419, 156, 120, 103)
Scan-310: (407, 152, 126, 105)
Scan-311: (412, 156, 129, 92)
Scan-312: (423, 158, 134, 102)
Scan-313: (413, 156, 123, 105)
Scan-314: (414, 159, 138, 101)
Scan-315: (401, 149, 131, 92)
Scan-316: (396, 147, 144, 100)
Scan-317: (419, 172, 127, 83)
Scan-318: (396, 148, 134, 104)
Scan-319: (409, 154, 128, 96)
Scan-320: (407, 164, 133, 85)
Scan-321: (408, 162, 129, 90)
Scan-322: (404, 164, 143, 89)
Scan-323: (414, 162, 131, 93)
Scan-324: (411, 174, 140, 90)
Scan-325: (404, 160, 123, 85)
Scan-326: (413, 172, 104, 84)
Scan-327: (396, 170, 136, 93)
Scan-328: (404, 168, 124, 83)
Scan-329: (398, 180, 120, 72)
Scan-330: (394, 173, 146, 81)
Scan-331: (410, 170, 131, 88)
Scan-332: (410, 190, 130, 81)
Scan-333: (397, 176, 142, 85)
Scan-334: (401, 178, 141, 88)
Scan-335: (415, 192, 131, 76)
Scan-336: (411, 203, 142, 76)
Scan-337: (397, 209, 136, 188)
Scan-338: (399, 220, 133, 190)
Scan-339: (393, 218, 138, 189)
Scan-340: (386, 217, 148, 188)
Scan-341: (383, 218, 157, 199)
Scan-342: (382, 233, 146, 182)
Scan-343: (390, 239, 136, 171)
Scan-344: (400, 242, 130, 165)
Scan-345: (400, 225, 127, 177)
Scan-346: (384, 227, 140, 175)
Scan-347: (384, 223, 143, 192)
Scan-348: (396, 244, 133, 170)
Scan-349: (392, 242, 136, 172)
Scan-350: (396, 230, 138, 182)
Scan-351: (409, 247, 133, 204)
Scan-352: (409, 348, 123, 117)
Scan-353: (406, 363, 124, 106)
Scan-354: (396, 357, 139, 118)
Scan-355: (397, 356, 127, 105)
Scan-356: (393, 359, 127, 108)
Scan-357: (397, 362, 139, 109)
Scan-358: (405, 355, 134, 114)
Scan-359: (395, 362, 142, 113)
Scan-360: (396, 363, 128, 103)
Scan-361: (396, 365, 147, 108)
Scan-362: (406, 372, 139, 107)
Scan-363: (399, 369, 119, 99)
Scan-364: (345, 389, 136, 107)
Scan-365: (340, 377, 129, 157)
Scan-366: (333, 377, 133, 177)
Scan-367: (331, 372, 139, 182)
Scan-368: (351, 378, 130, 167)
Scan-369: (360, 393, 122, 146)
Scan-370: (361, 413, 117, 135)
Scan-371: (363, 454, 110, 107)
Scan-372: (366, 467, 94, 103)
Scan-373: (345, 479, 124, 116)
Scan-374: (350, 486, 114, 140)
Scan-375: (326, 532, 136, 134)
Scan-376: (343, 488, 98, 141)
Scan-377: (346, 501, 117, 121)
Scan-378: (350, 540, 102, 97)
Scan-379: (313, 507, 126, 121)
Scan-380: (324, 520, 125, 122)
Scan-381: (306, 537, 130, 110)
Scan-382: (324, 562, 117, 109)
Scan-383: (342, 582, 111, 106)
Scan-384: (310, 569, 155, 149)
Scan-385: (356, 590, 120, 142)
Scan-386: (354, 594, 119, 126)
Scan-387: (340, 584, 140, 132)
Scan-388: (350, 580, 134, 135)
Scan-389: (358, 588, 119, 126)
Scan-390: (352, 585, 118, 132)
Scan-391: (367, 609, 126, 111)
Scan-392: (369, 609, 105, 109)
Scan-393: (366, 601, 155, 111)
Scan-394: (398, 595, 144, 116)
Scan-395: (385, 584, 159, 143)
Scan-396: (396, 586, 160, 124)
Scan-397: (394, 595, 147, 114)
Scan-398: (402, 572, 157, 148)
Scan-399: (412, 595, 141, 124)
Scan-400: (423, 580, 135, 139)
Scan-401: (424, 585, 137, 124)
Scan-402: (433, 560, 129, 138)
Scan-403: (471, 579, 111, 90)
Scan-404: (486, 562, 128, 95)
Scan-405: (480, 544, 152, 112)
Scan-406: (485, 511, 143, 138)
Scan-407: (488, 507, 128, 142)
Scan-408: (492, 506, 143, 141)
Scan-409: (485, 521, 132, 130)
Scan-410: (499, 518, 120, 122)
Scan-411: (487, 500, 138, 135)
Scan-412: (519, 498, 114, 104)
Scan-413: (485, 485, 154, 134)
Scan-414: (524, 470, 121, 116)
Scan-415: (499, 450, 131, 137)
Scan-416: (491, 451, 130, 118)
Scan-417: (479, 442, 146, 135)
Scan-418: (480, 446, 141, 135)
Scan-419: (481, 450, 142, 113)
Scan-420: (479, 443, 142, 136)
Scan-421: (478, 443, 144, 112)
Scan-422: (484, 436, 118, 101)
Scan-423: (479, 435, 137, 107)
Scan-424: (478, 437, 115, 101)
Scan-425: (474, 380, 145, 152)
Scan-426: (479, 382, 131, 116)
Scan-427: (468, 384, 137, 128)
Scan-428: (452, 382, 144, 125)
Scan-429: (448, 381, 136, 122)
Scan-430: (450, 376, 123, 115)
Scan-431: (455, 371, 126, 85)
Scan-432: (447, 256, 143, 174)
Scan-433: (446, 240, 144, 182)
Scan-434: (449, 248, 143, 178)
Scan-435: (457, 257, 140, 167)
Scan-436: (449, 250, 139, 181)
Scan-437: (458, 254, 151, 177)
Scan-438: (445, 242, 157, 177)
Scan-439: (461, 255, 140, 176)
Scan-440: (445, 255, 146, 170)
Scan-441: (452, 273, 136, 162)
Scan-442: (435, 270, 156, 163)
Scan-443: (449, 266, 152, 175)
Scan-444: (450, 251, 142, 168)
Scan-445: (454, 257, 170, 164)
Scan-446: (471, 250, 145, 138)
Scan-447: (475, 216, 132, 174)
Scan-448: (459, 192, 167, 192)
Scan-449: (480, 196, 137, 179)
Scan-450: (476, 184, 159, 188)
Scan-451: (485, 196, 150, 183)
Scan-452: (485, 183, 138, 191)
Scan-453: (480, 186, 150, 183)
Scan-454: (487, 220, 137, 158)
Scan-455: (485, 232, 137, 140)
Scan-456: (494, 228, 151, 169)
Scan-457: (476, 201, 141, 162)
Scan-458: (487, 214, 154, 155)
Scan-459: (495, 212, 155, 155)
Scan-460: (509, 219, 140, 162)
Scan-461: (497, 224, 142, 140)
Scan-462: (474, 184, 175, 183)
Scan-463: (492, 219, 156, 143)
Scan-464: (495, 212, 141, 149)
Scan-465: (468, 207, 157, 159)
Scan-466: (471, 196, 156, 172)
Scan-467: (343, 55, 90, 87)
Scan-468: (349, 38, 125, 126)
Scan-469: (348, 49, 155, 171)
Scan-470: (457, 189, 146, 157)
Scan-471: (454, 184, 166, 177)
Scan-472: (446, 177, 137, 141)
Scan-473: (430, 173, 160, 165)
Scan-474: (425, 192, 160, 161)
Scan-475: (299, 17, 127, 98)
Scan-476: (276, 22, 140, 105)
Scan-477: (267, 39, 143, 100)
Scan-478: (229, 38, 163, 98)
Scan-479: (223, 47, 155, 95)
Scan-480: (243, 44, 200, 100)
Scan-481: (231, 56, 200, 79)
Scan-482: (252, 45, 162, 93)
Scan-483: (230, 39, 215, 111)
Scan-484: (253, 39, 178, 102)
Scan-485: (229, 41, 159, 110)
Scan-486: (225, 55, 128, 101)
Scan-487: (199, 42, 167, 139)
Scan-488: (171, 48, 170, 132)
Scan-489: (153, 39, 186, 162)
Scan-490: (166, 45, 169, 152)
Scan-491: (166, 51, 162, 133)
Scan-492: (159, 47, 163, 144)
Scan-493: (160, 53, 151, 132)
Scan-494: (162, 50, 136, 132)
Scan-495: (149, 48, 139, 140)
Scan-496: (144, 57, 148, 132)
Scan-497: (155, 81, 124, 128)
Scan-498: (125, 102, 157, 146)
Scan-499: (135, 119, 139, 149)
Scan-500: (149, 124, 114, 150)
Scan-501: (145, 130, 105, 166)
Scan-502: (141, 124, 131, 188)
Scan-503: (149, 130, 115, 174)
Scan-504: (149, 142, 116, 152)
Scan-505: (157, 151, 114, 141)
Scan-506: (153, 156, 125, 149)
Scan-507: (157, 166, 101, 148)
Scan-508: (162, 189, 122, 134)
Scan-509: (135, 209, 163, 100)
Scan-510: (151, 210, 173, 147)
Scan-511: (147, 213, 198, 150)
Scan-512: (155, 227, 173, 126)
Scan-513: (150, 229, 183, 126)
Scan-514: (157, 237, 162, 118)
Scan-515: (148, 240, 164, 102)
Scan-516: (158, 242, 162, 108)
Scan-517: (169, 256, 158, 104)
Scan-518: (186, 283, 144, 82)
Scan-519: (222, 274, 120, 115)
Scan-520: (242, 276, 110, 131)
Scan-521: (253, 276, 100, 169)
Scan-522: (233, 327, 119, 136)
Scan-523: (237, 307, 134, 154)
Scan-524: (232, 323, 144, 141)
Scan-525: (240, 303, 135, 156)
Scan-526: (220, 300, 147, 146)
Scan-527: (239, 309, 143, 139)
Scan-528: (249, 358, 114, 110)
Scan-529: (274, 315, 110, 134)
Scan-530: (270, 351, 106, 108)
Scan-531: (288, 371, 124, 127)
Scan-532: (300, 381, 114, 106)
Scan-533: (291, 383, 160, 141)
Scan-534: (299, 398, 165, 126)
Scan-535: (299, 396, 161, 142)
Scan-536: (294, 407, 159, 128)
Scan-537: (298, 407, 143, 123)
Scan-538: (296, 406, 147, 119)
Scan-539: (295, 426, 141, 96)
Scan-540: (295, 430, 137, 103)
Scan-541: (311, 437, 118, 94)
Scan-542: (341, 456, 107, 129)
Scan-543: (358, 473, 99, 123)
Scan-544: (352, 494, 126, 145)
Scan-545: (361, 486, 128, 155)
Scan-546: (343, 485, 146, 165)
Scan-547: (346, 492, 142, 167)
Scan-548: (359, 495, 133, 162)
Scan-549: (359, 503, 140, 138)
Scan-550: (364, 515, 129, 130)
Scan-551: (352, 518, 135, 124)
Scan-552: (361, 519, 155, 127)
Scan-553: (390, 552, 121, 115)
Scan-554: (394, 569, 162, 110)
Scan-555: (407, 586, 152, 122)
Scan-556: (390, 577, 169, 147)
